0 0.24375 0.38333333333333336 0.05 0.041666666666666664
1 0.1515625 0.6 0.2359375 0.05555555555555555
0 0.2359375 0.46111111111111114 0.0546875 0.05
0 0.428125 0.4583333333333333 0.046875 0.044444444444444446
0 0.50625 0.075 0.01875 0.08055555555555556
0 0.5643382359375 0.563725488888889 0.59375 0.5114379083333334 0.5919117640625 0.4918300666666666 0.5854779406249999 0.48366013055555557 0.5514705875 0.5441176472222222 0.5533088234375 0.5588235305555556 0.5643382359375 0.563725488888889
0 0.3915441171875 0.7614379083333332 0.3924632359375 0.7320261444444444 0.352022059375 0.7075163388888889 0.34375 0.7483660138888889 0.38511029375 0.7728758166666667 0.3915441171875 0.7614379083333332
0 0.7068014703125 0.5065359472222222 0.6865808828125 0.5261437916666667 0.6994485296875 0.5653594777777778 0.7141544125 0.5571895416666667 0.7334558828125 0.5506535944444445 0.731617646875 0.5114379083333334 0.7068014703125 0.5065359472222222
0 0.7796875 0.7111111111111111 0.046875 0.05
0 0.59375 0.9277777777777778 0.0265625 0.10277777777777777
0 0.621875 0.9611111111111111 0.01875 0.07777777777777778
0 0.65 0.9777777777777777 0.0234375 0.041666666666666664
0 0.48805147031249996 0.8643790861111111 0.4705882359375 0.85620915 0.4678308828125 0.8888888888888888 0.47886029375000005 0.9395424833333333 0.48805147031249996 0.9477124194444444 0.4990808828125 0.9395424833333333 0.48805147031249996 0.8643790861111111