0 0.40625 0.7861111111111111 0.028125 0.06666666666666667
0 0.371875 0.7305555555555555 0.0234375 0.05
0 0.3328125 0.9333333333333333 0.040625 0.06111111111111111
0 0.471875 0.5444444444444444 0.0296875 0.06666666666666667
0 0.5109375 0.38333333333333336 0.0265625 0.04722222222222222
0 0.5234375 0.2861111111111111 0.0265625 0.04722222222222222
0 0.41875 0.3111111111111111 0.0265625 0.05
0 0.6921875 0.5583333333333333 0.0359375 0.030555555555555555
0 0.709375 0.5194444444444445 0.03125 0.027777777777777776
0 0.84375 0.6111111111111112 0.0296875 0.027777777777777776
0 0.9234375 0.5916666666666667 0.0359375 0.027777777777777776
0 0.9734375 0.4166666666666667 0.040625 0.03333333333333333
0 0.853125 0.23333333333333334 0.0296875 0.05555555555555555
0 0.9046875 0.2388888888888889 0.028125 0.05555555555555555
0 0.959375 0.2361111111111111 0.0265625 0.044444444444444446
0 0.796875 0.2388888888888889 0.025 0.05555555555555555
0 0.7625 0.24166666666666667 0.025 0.05555555555555555
0 0.7203125 0.24444444444444444 0.0265625 0.04722222222222222
0 0.7390625 0.08611111111111111 0.0234375 0.058333333333333334
0 0.8578125 0.044444444444444446 0.021875 0.06111111111111111
0 0.9609375 0.14722222222222223 0.0171875 0.058333333333333334
0 0.94375 0.125 0.021875 0.05555555555555555
0 0.5640625 0.6611111111111111 0.0328125 0.05
0 0.6078125 0.6722222222222223 0.0296875 0.05
0 0.6421875 0.65 0.0359375 0.05555555555555555
0 0.68125 0.8555555555555555 0.0390625 0.06944444444444445
0 0.596875 0.5944444444444444 0.028125 0.05
0 0.5765625 0.5944444444444444 0.0328125 0.06111111111111111
0 0.5984375 0.5388888888888889 0.040625 0.058333333333333334
1 0.2796875 0.9027777777777778 0.0484375 0.08611111111111111
1 0.434375 0.6527777777777778 0.040625 0.1111111111111111
0 0.13125 0.5888888888888889 0.0421875 0.027777777777777776
0 0.0140625 0.7944444444444444 0.028125 0.019444444444444445
0 0.090625 0.5472222222222223 0.0359375 0.027777777777777776
0 0.0328125 0.5083333333333333 0.0421875 0.030555555555555555
0 0.128125 0.4361111111111111 0.034375 0.027777777777777776
0 0.1078125 0.3638888888888889 0.0328125 0.019444444444444445
0 0.1625 0.49722222222222223 0.0328125 0.022222222222222223
0 0.3546875 0.5805555555555556 0.0359375 0.022222222222222223
0 0.39375 0.5027777777777778 0.021875 0.030555555555555555
0 0.4109375 0.43333333333333335 0.0203125 0.030555555555555555
1 0.221875 0.5388888888888889 0.11875 0.03888888888888889
1 0.821875 0.8944444444444445 0.0390625 0.09166666666666666
1 0.7984375 0.9166666666666666 0.0375 0.06944444444444445