0 0.4546875 0.39444444444444443 0.0328125 0.06388888888888888
0 0.4953125 0.38055555555555554 0.028125 0.044444444444444446
0 0.5671875 0.3972222222222222 0.021875 0.05
0 0.578125 0.21944444444444444 0.028125 0.06388888888888888
0 0.64375 0.12222222222222222 0.034375 0.05555555555555555
0 0.603125 0.5666666666666667 0.034375 0.05555555555555555
0 0.590625 0.6277777777777778 0.0328125 0.058333333333333334
0 0.5671875 0.5722222222222222 0.0375 0.044444444444444446
0 0.51875 0.5666666666666667 0.028125 0.058333333333333334
0 0.5328125 0.5027777777777778 0.0390625 0.06111111111111111
0 0.6828125 0.5138888888888888 0.0375 0.030555555555555555
0 0.790625 0.5638888888888889 0.0359375 0.027777777777777776
0 0.7234375 0.37222222222222223 0.0359375 0.030555555555555555
0 0.8609375 0.5194444444444445 0.0296875 0.027777777777777776
0 0.965625 0.6388888888888888 0.03125 0.022222222222222223
0 0.8375 0.6333333333333333 0.0375 0.030555555555555555
0 0.7265625 0.9555555555555556 0.040625 0.06388888888888888
0 0.6046875 0.7722222222222223 0.028125 0.041666666666666664
0 0.228125 0.7722222222222223 0.034375 0.027777777777777776
0 0.196875 0.8083333333333333 0.040625 0.027777777777777776
0 0.1453125 0.7722222222222223 0.0375 0.022222222222222223
0 0.1421875 0.8194444444444444 0.0375 0.025
0 0.03125 0.8222222222222222 0.03125 0.027777777777777776
0 0.134375 0.49444444444444446 0.0375 0.027777777777777776
0 0.1890625 0.43333333333333335 0.0375 0.030555555555555555
0 0.334375 0.43333333333333335 0.03125 0.027777777777777776
0 0.3765625 0.39166666666666666 0.0328125 0.027777777777777776
0 0.3265625 0.3527777777777778 0.0390625 0.027777777777777776
0 0.334375 0.55 0.0390625 0.027777777777777776
1 0.04375 0.3638888888888889 0.0828125 0.041666666666666664
1 0.115625 0.3888888888888889 0.065625 0.05277777777777778
1 0.2234375 0.5361111111111111 0.1203125 0.03611111111111111
1 0.81875 0.8944444444444445 0.0453125 0.1
1 0.79375 0.9138888888888889 0.0484375 0.06944444444444445
1 0.5890625 0.13055555555555556 0.0453125 0.11666666666666667
0 0.2953125 0.025 0.0296875 0.05
0 0.31875 0.013888888888888888 0.0328125 0.027777777777777776
0 0.7390625 0.08888888888888889 0.0375 0.075
0 0.8609375 0.04722222222222222 0.025 0.06944444444444445
0 0.9609375 0.14444444444444443 0.01875 0.06111111111111111
0 0.946875 0.12222222222222222 0.021875 0.058333333333333334
0 0.725 0.24444444444444444 0.028125 0.05555555555555555
0 0.7640625 0.24166666666666667 0.0265625 0.05
0 0.8 0.2388888888888889 0.0421875 0.06666666666666667
0 0.8515625 0.23055555555555557 0.0453125 0.06666666666666667
0 0.903125 0.2361111111111111 0.0421875 0.06388888888888888
0 0.9625 0.2388888888888889 0.034375 0.04722222222222222