0 0.525 0.4861111111111111 0.075 0.09722222222222222
0 0.6234375 0.4083333333333333 0.0734375 0.09166666666666666
0 0.603125 0.25833333333333336 0.0734375 0.08888888888888889
0 0.7203125 0.26666666666666666 0.065625 0.1
0 0.7015625 0.12777777777777777 0.071875 0.07777777777777778
0 0.796875 0.10833333333333334 0.078125 0.09166666666666666
0 0.7921875 0.05 0.0609375 0.07777777777777778
0 0.7 0.46944444444444444 0.065625 0.09166666666666666
0 0.7046875 0.5861111111111111 0.0484375 0.10555555555555556
0 0.803125 0.8416666666666667 0.0640625 0.11944444444444445
0 0.775 0.8805555555555555 0.065625 0.10277777777777777
0 0.834375 0.9833333333333333 0.0328125 0.030555555555555555
0 0.384375 0.7111111111111111 0.0625 0.10555555555555556
0 0.4703125 0.6972222222222222 0.0703125 0.08611111111111111
0 0.2828125 0.16944444444444445 0.0625 0.10555555555555556
0 0.2234375 0.06111111111111111 0.0734375 0.11944444444444445
0 0.31875 0.14722222222222223 0.06875 0.10277777777777777
0 0.346875 0.1 0.071875 0.11388888888888889
0 0.3 0.9527777777777777 0.0671875 0.09166666666666666