0 0.58125 0.5777777777777777 0.0734375 0.10555555555555556
0 0.4796875 0.7861111111111111 0.0421875 0.11388888888888889
0 0.43125 0.8222222222222222 0.034375 0.14444444444444443
0 0.4640625 0.975 0.0390625 0.05
0 0.2765625 0.44722222222222224 0.08125 0.07777777777777778
0 0.109375 0.41388888888888886 0.0734375 0.05
0 0.115625 0.5388888888888889 0.078125 0.07222222222222222
0 0.025 0.5333333333333333 0.05 0.07777777777777778
0 0.403125 0.5694444444444444 0.065625 0.1388888888888889
0 0.803125 0.34444444444444444 0.0828125 0.07777777777777778
0 0.809375 0.4305555555555556 0.090625 0.07777777777777778
0 0.9046875 0.40555555555555556 0.084375 0.07777777777777778
0 0.925 0.30277777777777776 0.0734375 0.08611111111111111