0 0.3203125 0.49722222222222223 0.09375 0.06666666666666667
0 0.0609375 0.7 0.0859375 0.06388888888888888
0 0.153125 0.6777777777777778 0.0859375 0.06388888888888888
0 0.24375 0.6722222222222223 0.090625 0.06111111111111111
0 0.425 0.9694444444444444 0.0421875 0.058333333333333334
0 0.5984375 0.9083333333333333 0.053125 0.16666666666666666
0 0.825 0.4583333333333333 0.096875 0.075
0 0.74375 0.3194444444444444 0.0953125 0.06388888888888888
0 0.8765625 0.2972222222222222 0.1 0.06111111111111111
0 0.9625 0.3 0.075 0.05
0 0.8734375 0.6194444444444445 0.096875 0.058333333333333334
0 0.9734375 0.6111111111111112 0.053125 0.06111111111111111