0 0.671875 0.4361111111111111 0.09375 0.08611111111111111
0 0.7421875 0.32222222222222224 0.0953125 0.07222222222222222
0 0.875 0.30277777777777776 0.096875 0.06944444444444445
0 0.9640625 0.2916666666666667 0.071875 0.06111111111111111
0 0.871875 0.6222222222222222 0.1 0.06944444444444445
0 0.971875 0.6027777777777777 0.05625 0.07777777777777778
0 0.5984375 0.9083333333333333 0.0484375 0.16111111111111112
0 0.4234375 0.975 0.040625 0.05
0 0.2453125 0.6833333333333333 0.084375 0.06944444444444445
0 0.1546875 0.6888888888888889 0.084375 0.06388888888888888
0 0.0640625 0.7055555555555556 0.0890625 0.05555555555555555
0 0.0359375 0.5388888888888889 0.071875 0.06944444444444445