0 0.1265625 0.5027777777777778 0.0859375 0.075
0 0.2390625 0.6611111111111111 0.084375 0.06111111111111111
0 0.146875 0.6611111111111111 0.090625 0.06944444444444445
0 0.05625 0.675 0.084375 0.06111111111111111
0 0.6234375 0.6 0.0953125 0.08055555555555556
0 0.5875 0.9138888888888889 0.0609375 0.1638888888888889
0 0.415625 0.9694444444444444 0.0390625 0.058333333333333334
0 0.8625 0.6361111111111111 0.1 0.07222222222222222
0 0.7390625 0.33055555555555555 0.1 0.075
0 0.8734375 0.32222222222222224 0.096875 0.07777777777777778
0 0.9625 0.32222222222222224 0.075 0.058333333333333334
0 0.9671875 0.6277777777777778 0.065625 0.06666666666666667