0 0.5109375 0.4638888888888889 0.0921875 0.06944444444444445
0 0.740625 0.3194444444444444 0.09375 0.075
0 0.8734375 0.3055555555555556 0.0921875 0.06666666666666667
0 0.9625 0.30277777777777776 0.075 0.058333333333333334
0 0.86875 0.625 0.1015625 0.07777777777777778
0 0.778125 0.4527777777777778 0.1109375 0.07777777777777778
0 0.971875 0.6194444444444445 0.05625 0.075
0 0.5890625 0.9083333333333333 0.0515625 0.175
0 0.41875 0.9666666666666667 0.0421875 0.06388888888888888
0 0.3078125 0.5111111111111111 0.0953125 0.06388888888888888
0 0.2375 0.6694444444444444 0.0859375 0.06944444444444445
0 0.1453125 0.6722222222222223 0.0875 0.06666666666666667
0 0.05625 0.6861111111111111 0.0859375 0.058333333333333334