0 0.79375 0.35 0.075 0.05555555555555555
0 0.915625 0.3277777777777778 0.0796875 0.08333333333333333
0 0.8953125 0.40555555555555556 0.084375 0.08055555555555556
0 0.8 0.43333333333333335 0.090625 0.06944444444444445
0 0.865625 0.4861111111111111 0.075 0.06388888888888888
0 0.2109375 0.41944444444444445 0.075 0.06388888888888888
0 0.1296875 0.5388888888888889 0.0734375 0.06666666666666667
0 0.034375 0.5277777777777778 0.06875 0.06944444444444445
0 0.35625 0.48333333333333334 0.0640625 0.09722222222222222
0 0.425 0.6222222222222222 0.0546875 0.14166666666666666
0 0.465625 0.9138888888888889 0.034375 0.1361111111111111
0 0.4265625 0.8777777777777778 0.034375 0.14166666666666666