0 0.1609375 0.41944444444444445 0.078125 0.06666666666666667
0 0.1015625 0.5388888888888889 0.075 0.06944444444444445
0 0.021875 0.5333333333333333 0.0421875 0.07222222222222222
0 0.365625 0.5333333333333333 0.0703125 0.11666666666666667
0 0.428125 0.6722222222222223 0.0453125 0.12222222222222222
0 0.415625 0.9638888888888889 0.0328125 0.06944444444444445
0 0.5390625 0.6333333333333333 0.0671875 0.1527777777777778
0 0.6703125 0.5277777777777778 0.075 0.075
0 0.8125 0.3277777777777778 0.075 0.06388888888888888
0 0.81875 0.4166666666666667 0.0765625 0.06111111111111111
0 0.909375 0.475 0.075 0.06111111111111111
0 0.9203125 0.3861111111111111 0.084375 0.05555555555555555
0 0.94375 0.3 0.0796875 0.07777777777777778