0 0.4140625 0.6194444444444445 0.06875 0.1111111111111111
0 0.5375 0.48055555555555557 0.0671875 0.11666666666666667
0 0.6015625 0.525 0.06875 0.09722222222222222
0 0.6015625 0.6194444444444445 0.0734375 0.1
0 0.725 0.675 0.05625 0.11944444444444445
0 0.775 0.8777777777777778 0.0640625 0.125
0 0.834375 0.8916666666666667 0.065625 0.125
0 0.440625 0.8416666666666667 0.065625 0.1
0 0.4140625 0.7805555555555556 0.0703125 0.11944444444444445
0 0.2890625 0.17777777777777778 0.071875 0.10277777777777777
0 0.340625 0.09444444444444444 0.0765625 0.11666666666666667
0 0.228125 0.05277777777777778 0.075 0.10555555555555556
0 0.6859375 0.3194444444444444 0.0671875 0.09444444444444444
0 0.653125 0.26944444444444443 0.0671875 0.09444444444444444
0 0.696875 0.12222222222222222 0.0671875 0.08333333333333333
0 0.7671875 0.1 0.071875 0.08888888888888889
0 0.8390625 0.06666666666666667 0.06875 0.10555555555555556