0 0.2796875 0.16944444444444445 0.0671875 0.10555555555555556
0 0.228125 0.05277777777777778 0.05 0.08055555555555556
0 0.2671875 0.04722222222222222 0.065625 0.09166666666666666
0 0.3453125 0.1 0.059375 0.1
0 0.3265625 0.14722222222222223 0.065625 0.1
0 0.5328125 0.29444444444444445 0.06875 0.06111111111111111
0 0.5609375 0.41388888888888886 0.0640625 0.08611111111111111
0 0.60625 0.43333333333333335 0.065625 0.09722222222222222
0 0.65625 0.4361111111111111 0.0625 0.10277777777777777
0 0.6203125 0.5861111111111111 0.05625 0.09444444444444444
0 0.5421875 0.6055555555555555 0.05625 0.10277777777777777
0 0.4234375 0.6361111111111111 0.065625 0.09166666666666666
0 0.3625 0.8472222222222222 0.059375 0.10833333333333334
0 0.4984375 0.8138888888888889 0.0625 0.08611111111111111
0 0.771875 0.8666666666666667 0.065625 0.12222222222222222
0 0.7578125 0.9583333333333334 0.0796875 0.08333333333333333
0 0.8734375 0.9666666666666667 0.05 0.06666666666666667
0 0.840625 0.9888888888888889 0.0265625 0.022222222222222223
0 0.7125 0.5333333333333333 0.040625 0.11388888888888889
0 0.678125 0.33055555555555555 0.05625 0.1
0 0.6625 0.25555555555555554 0.053125 0.1
0 0.6703125 0.1527777777777778 0.0578125 0.09444444444444444
0 0.7359375 0.2111111111111111 0.0546875 0.1
0 0.7484375 0.3277777777777778 0.05 0.08888888888888889