0 0.025 0.5222222222222223 0.0484375 0.075
0 0.2640625 0.49444444444444446 0.1046875 0.06944444444444445
0 0.559375 0.4722222222222222 0.1 0.07777777777777778
0 0.74375 0.32222222222222224 0.1046875 0.075
0 0.8765625 0.30277777777777776 0.0953125 0.07777777777777778
0 0.965625 0.3 0.06875 0.06111111111111111
0 0.86875 0.6166666666666667 0.1015625 0.06111111111111111
0 0.971875 0.6138888888888889 0.05625 0.07222222222222222
0 0.59375 0.9111111111111111 0.065625 0.175
0 0.421875 0.9694444444444444 0.0421875 0.058333333333333334
0 0.2421875 0.675 0.09375 0.06666666666666667
0 0.15 0.6805555555555556 0.084375 0.06388888888888888
0 0.059375 0.6916666666666667 0.084375 0.04722222222222222