0 0.5078125 0.06666666666666667 0.0265625 0.08888888888888889
0 0.0078125 0.45555555555555555 0.015625 0.041666666666666664
0 0.03125 0.38055555555555554 0.05 0.05
0 0.215625 0.4444444444444444 0.059375 0.05
0 0.5953125 0.9388888888888889 0.0234375 0.11666666666666667
0 0.6265625 0.9638888888888889 0.0234375 0.07222222222222222
0 0.6546875 0.9861111111111112 0.0203125 0.025
0 0.6084558828125 0.3447712416666667 0.627757353125 0.3529411777777778 0.6397058828125 0.2777777777777778 0.6341911765625 0.2565359472222222 0.6185661765625 0.2565359472222222 0.6084558828125 0.3447712416666667
0 0.6341911765625 0.6323529416666667 0.66636029375 0.5931372555555556 0.6544117640625 0.5539215694444445 0.6167279406249999 0.5866013083333333 0.6158088234375 0.6274509805555556 0.6341911765625 0.6323529416666667
0 0.49264705937500003 0.9477124194444444 0.4733455875 0.8856209138888889 0.4522058828125 0.8986928111111111 0.47702205937500003 0.9689542472222222 0.49264705937500003 0.9477124194444444
1 0.2859375 0.6055555555555555 0.240625 0.06666666666666667