0 0.203125 0.49444444444444446 0.0921875 0.06944444444444445
0 0.2375 0.6611111111111111 0.0859375 0.07222222222222222
0 0.1421875 0.6527777777777778 0.084375 0.075
0 0.053125 0.6666666666666666 0.0890625 0.06388888888888888
0 0.4796875 0.4888888888888889 0.078125 0.07777777777777778
0 0.740625 0.3416666666666667 0.0890625 0.08055555555555556
0 0.875 0.3333333333333333 0.09375 0.075
0 0.9640625 0.3388888888888889 0.071875 0.05277777777777778
0 0.74375 0.6472222222222223 0.09375 0.06111111111111111
0 0.58125 0.9166666666666666 0.0515625 0.15833333333333333
0 0.4109375 0.9722222222222222 0.034375 0.05555555555555555
0 0.8640625 0.6472222222222223 0.1015625 0.075
0 0.965625 0.6416666666666667 0.06875 0.06666666666666667