0 0.1921875 0.49166666666666664 0.1046875 0.08055555555555556
0 0.2390625 0.6555555555555556 0.0875 0.06666666666666667
0 0.1453125 0.6555555555555556 0.084375 0.058333333333333334
0 0.0578125 0.6666666666666666 0.0828125 0.06111111111111111
0 0.5796875 0.9083333333333333 0.046875 0.17222222222222222
0 0.4125 0.9666666666666667 0.0359375 0.06388888888888888
0 0.75 0.6444444444444445 0.0859375 0.09166666666666666
0 0.8609375 0.65 0.09375 0.06944444444444445
0 0.8671875 0.4666666666666667 0.103125 0.08055555555555556
0 0.7421875 0.3388888888888889 0.1015625 0.06666666666666667
0 0.8703125 0.33055555555555555 0.09375 0.07777777777777778
0 0.9625 0.32222222222222224 0.075 0.075
0 0.965625 0.6361111111111111 0.06875 0.08888888888888889