0 0.4671875 0.5416666666666666 0.096875 0.10555555555555556
0 0.7296875 0.4638888888888889 0.0953125 0.07777777777777778
0 0.7421875 0.325 0.0953125 0.07222222222222222
0 0.8734375 0.31666666666666665 0.090625 0.05555555555555555
0 0.9625 0.3194444444444444 0.0734375 0.05277777777777778
0 0.865625 0.6305555555555555 0.09375 0.06944444444444445
0 0.9703125 0.625 0.059375 0.05555555555555555
0 0.5890625 0.9111111111111111 0.0546875 0.15555555555555556
0 0.4171875 0.9708333333333333 0.03125 0.058333333333333334
0 0.2390625 0.6666666666666666 0.0890625 0.06388888888888888
0 0.146875 0.6694444444444444 0.0828125 0.06111111111111111
0 0.059375 0.6833333333333333 0.0859375 0.05277777777777778